9958
14487
16500
19350
22650
22650
26850
26100
26400
27779
30416
31219
30890
30827
30522
32801
36280
39609
40780
42977
41516
43732
45527
47066
48987
49616
50637
51237
49079
45508
44666
43166
42566
41216
40016
38516
37137
35845
37079
35250
36000
36000
37800
39179
39479
39779
37800
35400
33900
39300
41700
44250
45929
44879
43137
40819
38719
37911
36411
34461
29332
28374
32458
31050
26879
26458
26308
25258
22466
19500
17250
16079
17879
18750
17700
16650
14100
13950
13200
14700
15300
14429
13379
11879
10500
9450
8700
8250
7350
8250
10200
11850
13050
15300
17550
17250
17250
18300
18900
19853
20661
23380
23864
25398
25732
26516
28495
30895
35216
37790
39111
42880
45701
47999
53757
53583
50056
50341
52586
55896
56646
58306
59269
57000
54750
55529
55829
55461
55282
54203
51895
49079
47250
46650
44400
45900
44850
45000
47429
48832
47356
48048
48087
49587
49558
48387
47787
45329
41458
41850
41850
40050
39300
39929
39208
39358
39929
43050
46200
47250
49950
51208
50908
50787
46766
42624
41424
41753
41361
40311
39382
38511
37732
37553
37156
32337
29366
26337
23545
21561
19587
16050
16045
15300
15000
14850
14187
13916
12087
10229
7950
6150
7500
5700
5550
5279
5850
8187
9450
13829
15658
16829
18087
19316
20245
24982
27029
28843
31620
37576
42550
45071
46276
47931
45638
44230
46156
46606
49524
46732
46161
47269
48890
50356
47511
45648
45740
44811
44540
40369
40219
42527
44177
44090
43945
44787
45237
45237
44487
39929
37379
36179
36329
34500
35250
34950
38550
37950
37500
38400
36450
38550
35850
35250
34800
36300
38100
38100
39000
40050
39387
40316
39174
36750
34800
33000
32250
33150
32400
33029
30779
27929
25079
23850
22200
21600
21300
21150
20700
19350
16650
14850
9958
14487
16500
19500
23250
22650
26850
26100
26400
27779
30416
31219
30890
30827
30522
32801
36130
39280
41230
43727
42266
43495
44961
47666
49737
50366
50787
