9958.0
14487.0
16500.0
19350.0
22650.0
22650.0
26850.0
26100.0
26400.0
27779.0
30416.0
31219.0
30890.0
30827.0
30522.0
32801.0
36280.0
39609.0
40780.0
42977.0
41516.0
43732.0
45527.0
47066.0
48987.0
49616.0
50637.0
51237.0
49079.0
45508.0
44666.0
43166.0
42566.0
41216.0
40016.0
38516.0
37137.0
35845.0
37079.0
35250.0
36000.0
36000.0
37800.0
39179.0
39479.0
39779.0
37800.0
35400.0
33900.0
39300.0
41700.0
44250.0
45929.0
44879.0
43137.0
40819.0
38719.0
37911.0
36411.0
34461.0
29332.0
28374.0
32458.0
31050.0
26879.0
26458.0
26308.0
25258.0
22466.0
19500.0
17250.0
16079.0
17879.0
18750.0
17700.0
16650.0
14100.0
13950.0
13200.0
14700.0
15300.0
14429.0
13379.0
11879.0
10500.0
9450.0
8700.0
8250.0
7350.0
8250.0
10200.0
11850.0
13050.0
15300.0
17550.0
17250.0
17250.0
18300.0
18900.0
19853.0
20661.0
23380.0
23864.0
25398.0
25732.0
26516.0
28495.0
30895.0
35216.0
37790.0
39111.0
42880.0
45701.0
47999.0
53757.0
53583.0
50056.0
50341.0
52586.0
55896.0
56646.0
58306.0
59269.0
57000.0
54750.0
55529.0
55829.0
55461.0
55282.0
54203.0
51895.0
49079.0
47250.0
46650.0
44400.0
45900.0
44850.0
45000.0
47429.0
48832.0
47356.0
48048.0
48087.0
49587.0
49558.0
48387.0
47787.0
45329.0
41458.0
41850.0
41850.0
40050.0
39300.0
39929.0
39208.0
39358.0
39929.0
43050.0
46200.0
47250.0
49950.0
51208.0
50908.0
50787.0
46766.0
42624.0
41424.0
41753.0
41361.0
40311.0
39382.0
38511.0
37732.0
37553.0
37156.0
32337.0
29366.0
26337.0
23545.0
21561.0
19587.0
16050.0
16045.0
15300.0
15000.0
14850.0
14187.0
13916.0
12087.0
10229.0
7950.0
6150.0
7500.0
5700.0
5550.0
5279.0
5850.0
8187.0
9450.0
13829.0
15658.0
16829.0
18087.0
19316.0
20245.0
24982.0
27029.0
28843.0
31620.0
37576.0
42550.0
45071.0
46276.0
47931.0
45638.0
44230.0
46156.0
46606.0
49524.0
46732.0
46161.0
47269.0
48890.0
50356.0
47511.0
45648.0
45740.0
44811.0
44540.0
40369.0
40219.0
42527.0
44177.0
44090.0
43945.0
44787.0
45237.0
45237.0
44487.0
39929.0
37379.0
36179.0
36329.0
34500.0
35250.0
34950.0
38550.0
37950.0
37500.0
38400.0
36450.0
38550.0
35850.0
35250.0
34800.0
36300.0
38100.0
38100.0
39000.0
40050.0
39387.0
40316.0
39174.0
36750.0
34800.0
33000.0
32250.0
33150.0
32400.0
33029.0
30779.0
27929.0
25079.0
23850.0
22200.0
21600.0
21300.0
21150.0
20700.0
19350.0
16650.0
14850.0
9958.0
14487.0
16500.0
19500.0
23250.0
22650.0
26850.0
26100.0
26400.0
27779.0
30416.0
31219.0
30890.0
30827.0
30522.0
32801.0
36130.0
39280.0
41230.0
43727.0
42266.0
43495.0
44961.0
47666.0
49737.0
50366.0
50787.0
50787.0
51237.0
49079.0
45508.0
44666.0
43166.0
42716.0
41366.0
40166.0
38516.0
37137.0
35845.0
37079.0
35250.0
36000.0
36000.0
37800.0
39179.0
39629.0
39929.0
38100.0
35700.0
34200.0
39600.0
41850.0
44100.0
45779.0
44729.0
42987.0
40640.0
38540.0
37761.0
36411.0
34461.0
29332.0
28045.0
31950.0
31050.0
26879.0
26458.0
26308.0
25258.0
22466.0
19500.0
17250.0
16079.0
17879.0
18750.0
17700.0
16650.0
14100.0
13950.0
13200.0
14700.0
15300.0
14429.0
13379.0
11879.0
10500.0
10500.0
9450.0
8700.0
8250.0
7350.0
8250.0
10200.0
11850.0
13050.0
15300.0
17550.0
17250.0
17250.0
18300.0
18900.0
19853.0
20661.0
22514.0
23414.0
25398.0
25732.0
26516.0
28495.0
30895.0
35216.0
37790.0
39111.0
42880.0
45701.0
47104.0
52862.0
52838.0
49756.0
50641.0
52707.0
55509.0
56201.0
57861.0
58969.0
57300.0
54900.0
55679.0
55379.0
55016.0
55137.0
54058.0
51866.0
49829.0
48000.0
47400.0
45150.0
46650.0
45600.0
45750.0
48179.0
49432.0
47211.0
47903.0
48837.0
50337.0
50308.0
49137.0
48537.0
46079.0
42208.0
42600.0
42600.0
40800.0
40050.0
40050.0
40679.0
39958.0
40108.0
40679.0
43800.0
46950.0
48000.0
50400.0
51508.0
50908.0
50787.0
46766.0
42624.0
41424.0
41753.0
41361.0
40311.0
39382.0
38511.0
37732.0
37553.0
36290.0
32187.0
29366.0
26337.0
23545.0
21561.0
19587.0
16050.0
16045.0
15300.0
15000.0
14850.0
14187.0
13916.0
12087.0
10229.0
7950.0
6150.0
7500.0
5700.0
5550.0
5279.0
5850.0
8187.0
9450.0
13829.0
15658.0
16829.0
18087.0
19316.0
20245.0
24982.0
27029.0
28843.0
28843.0
31620.0
37576.0
42550.0
45071.0
46276.0
47931.0
45638.0
44230.0
46156.0
46456.0
49195.0
46224.0
45474.0
46403.0
48053.0
49606.0
46761.0
44898.0
44990.0
44061.0
43790.0
39619.0
39469.0
41927.0
43877.0
43940.0
43495.0
44337.0
44937.0
44787.0
44187.0
39629.0
36929.0
35729.0
35579.0
33750.0
34650.0
34350.0
37800.0
37200.0
36750.0
37650.0
35700.0
37800.0
35100.0
34500.0
34050.0
35550.0
37350.0
37350.0
38250.0
39450.0
38787.0
39716.0
38574.0
36150.0
34200.0
32250.0
32250.0
31500.0
32400.0
31650.0
32279.0
30029.0
27179.0
24329.0
23250.0
21750.0
21300.0
21000.0
20850.0
20550.0
19200.0
14487.0
16500.0
19500.0
23400.0
22650.0
26850.0
26100.0
26400.0
27779.0
30416.0
31219.0
30890.0
30827.0
30522.0
32801.0
36280.0
39251.0
41201.0
41201
43877
42266
43495
44782
47816
49887
50516
50937
51237
49079
45508
44666
43166
42716
41366
40166
38516
37137
35845
37079
35250
36000
36000
37800
39179
39629
39929
38100
35700
34050
39450
41700
43950
45629
44579
42808
